CONNECTED, CLIENT 0
1
1
2
2
3
4
3
5
4
6
5
7
6
8
7
9
8
10
9
11
12
10
11
13
14
12
13
15
16
14
17
15
18
16
19
17
20
21
18
19
22
20
23
21
24
25
22
23
26
24
27
25
28
26
29
27
30
28
31
29
32
30
33
31
34
32
33
35
34
36
37
35
36
38
37
39
38
40
41
39
40
42
41
43
42
44
43
45
44
46
47
45
46
48
47
49
48
50
49
51
50
52
51
52
53
54
53
54
55
55
56
57
56
57
58
59
58
59
60
61
60
62
61
63
62
64
63
65
64
66
65
67
66
68
67
69
68
70
69
71
72
70
73
71
74
72
75
73
74
76
77
75
78
76
79
77
80
81
78
82
79
80
83
81
84
82
85
83
86
84
87
85
88
86
89
87
90
88
89
91
92
90
91
93
92
94
93
95
94
96
95
97
96
98
97
99
98
100
99
100
